810 100
819 99
828 98
837 97
846 96
855 95
864 94
873 93
882 92
891 91
900 90
909 89
918 88
927 87
936 86
945 85
954 84
963 83
972 82
981 81
990 80
999 79
1008 78
1017 77
1026 76
1035 75
1044 74
1053 73
1062 72
1071 71
1080 70
1092 69
1104 68
1116 67
1128 66
1140 65
1164 64
1188 63
1212 62
1236 61
1260 60
1261 59
1263 58
1265 57
1267 56
1269 55
1270 54
1272 53
1274 52
1276 51
1278 50
1279 49
1281 48
1283 47
1285 46
1287 45
1288 44
1290 43
1292 42
1294 41
1296 40
1297 39
1299 38
1301 37
1303 36
1305 35
1306 34
1308 33
1310 32
1312 31
1314 30
1315 29
1317 28
1319 27
1321 26
1323 25
1324 24
1326 23
1328 22
1330 21
1332 20
1333 19
1335 18
1337 17
1339 16
1341 15
1342 14
1344 13
1346 12
1348 11
1350 10
1351 9
1353 8
1355 7
1357 6
1359 5
1360 4
1362 3
1364 2
1366 1
1368 0