93 100
96 99
99 98
101 97
103 96
105 95
106 94
107 93
108 92
109 91
110 90
111 89
112 88
113 87
114 86
115 85
116 84
117 83
118 82
119 81
120 80
121 79
122 78
123 77
124 76
125 75
126 74
127 73
128 72
129 71
130 70
134 69
138 68
142 67
146 66
150 65
155 64
160 63
165 62
170 61
180 60
181 59
182 58
183 57
184 56
185 55
186 54
187 53
188 52
189 51
190 50
191 48
 47
192 46
 45
193 44
 43
194 42
 41
195 40
 39
196 38
 37
197 36
 35
198 34
 33
199 32
 31
200 30
 29
201 28
 27
202 26
 25
203 24
 23
204 22
 21
205 20
 19
206 18
 17
207 16
 15
208 14
 13
209 12
 11
210 10
 9
211 8
 7
212 6
 5
213 4
 3
214 2
 1
215 0